9.359889127267917441e-01 -7.813523626352947282e-02 4.027974327090746987e-02 2.628842182465809460e-02 2.282827711905383722e-02 1.551317234788720037e-02 3.831397770601929764e-02 5.669633926232266891e-02 -1.977764501070230357e-02 -1.837885762772951403e-01 6.978178339466148405e-02 1.290054822979872506e-01 1.012291674547094109e-02 1.575693368352121260e-02 6.321991531001906750e-02 2.821972387647663384e-03 -6.680781928752177468e-02 -4.569972638923763819e-02 4.906582991962104429e-02 4.164321228353323745e-02 1.182183656926707321e-01 3.407686680381655925e-02 -2.003443595383382070e-02 -4.225132741438443126e-03 -3.072325209477382024e-02 4.723641170868120298e-02 5.072758401265332895e-02 5.254182973439611160e-02 1.398406121040595210e-02 2.442370870074129369e-02 -9.522270894526202456e-02 1.593830583838349857e-01 -1.236091568361365363e-02 2.105464158378824169e-01 2.622618626049395135e-02 -4.580407334940527209e-01 2.527723199421840622e-02 2.814998880802146441e-01 -2.229306680702778168e-02 -8.762850161196083371e-03 1.619360939041743566e-02 4.537101271326308277e-02 4.576941684086436452e-02 -7.714019371680810866e-02 -2.507014904038990920e-03 -5.371631053158502922e-02 2.353013223090457892e-02 9.916650399406687355e-03 -8.643660250790552446e-04 -3.444208230737723364e-02 -2.659537708885438209e-02 3.516671601258552354e-02 6.189874631516785464e-02 2.226303443501045365e-01 3.307112361767103326e-02 -4.994077766271966257e-02 -3.754060655174074612e-01 7.549097007979389817e-02 -1.058535173722623818e-02 -2.492040342167876552e-04 -1.307025441928786474e-02 1.143001744072238545e-03 -2.581260092340034729e-02 1.221445464697518309e-02 -2.464381223605597009e-03 1.578510026502480401e-02 1.084605064688493221e-02 9.955997562451189206e-03 2.729340581419858330e-02 3.358906052610919138e-03 -2.190511836495306203e-03 -1.167354244439719468e-02 8.006498093851316389e-03 -1.131394491668271610e-04 3.129269420391555829e-03 1.673941533618261007e-02 -1.564950897530710885e-02 3.975441817262292260e-03 -2.647402956388046104e-03 -5.997919389354259764e-03 -8.357801882934482243e-03 1.511345520364442904e-02 -5.346283856998667629e-03 -4.050553490463631653e-03 -4.134287083216810557e-03 2.600669980848382967e-02 -9.602501894672096222e-03 -5.179288627390235891e-03 -6.088314354977310619e-03 -4.301315721718930452e-02 -7.317621028562002437e-03 3.835349625933846037e-03 -2.972830995156618659e-03 -3.069132366421570626e-04 1.676854389076209637e-02 8.513838576124831137e-03 1.299606670359146864e-02 1.987668696413615738e-03 4.443122881633835251e-03 -1.483389042488426728e-02 -2.317524776735843672e-03 4.803872828434706949e-03 6.865635225645184969e-03 -1.087317022816892617e-02 -8.398832428231101793e-04 -1.276186464430257607e-03
-7.813523626352947282e-02 9.949332878675101188e-01 2.821040767256507986e-02 4.312725567399254209e-03 -6.249926118934836204e-03 -1.428625211748438956e-02 -6.544899107266509766e-03 -4.382387974289219355e-03 5.642137329862549795e-03 4.581445655143180640e-02 -2.230250205089834292e-02 -4.167240149744799033e-02 -1.175956410670073345e-02 -3.018484273662681589e-03 -5.599980820709559402e-03 1.406694049069526047e-02 1.142890657930763047e-02 1.430582261757706343e-02 3.220400562483929224e-02 3.840185087940915787e-02 -3.488118825508312870e-03 1.575738921495299649e-02 6.753750988923063435e-03 -2.199402344509001489e-02 -7.411375521382808883e-03 -5.330265655839989784e-03 -3.314321170808714676e-03 -1.889081000218668580e-02 1.954907860299132799e-02 -5.650974103394373373e-03 -3.560871213215192205e-03 -1.776192858762867463e-02 2.970679265520356944e-03 -2.517283433480877256e-02 3.693055722675093588e-03 3.848499931139019031e-02 2.803028132210240789e-02 -2.794387253327549475e-02 7.221377850113282898e-03 3.430038012403395422e-03 9.507647728758172878e-03 -1.831618586212753821e-02 -3.227143052033890763e-02 2.974599622144568842e-02 1.237656706519159322e-02 -5.582021415289797721e-03 9.084223416072411544e-03 -1.557062269403786982e-02 1.496565854419986547e-02 5.019758680982776278e-03 4.129265240282683526e-03 7.542561714763799940e-04 -5.243885954291008407e-03 -1.867374645048122325e-02 5.330116473948159558e-03 2.901630012900213718e-02 1.248865625978392256e-02 5.806009646721688351e-03 -2.104580009897204229e-02 -6.729140079066073254e-02 -5.203138055174805210e-02 1.167749045131706992e-01 6.823179141291719173e-03 -5.512317813594844185e-02 -3.877008334578187568e-04 -6.226370977288327689e-03 -5.466416229930480888e-03 1.355783397224113312e-02 2.907573324721514363e-02 1.419794034038357900e-03 -8.104884886441271648e-04 3.295082819450145806e-02 -5.692930533255177554e-03 2.155766603269626894e-03 1.775526904626270521e-04 -1.362249987620293805e-02 3.163766020639336568e-02 5.469324958728990528e-03 -1.159903287174695631e-02 1.576785509440375641e-02 8.420750072450239668e-03 -1.938419116749198886e-03 -1.176736285679817924e-02 -2.892201010048890165e-03 -1.456982799647099994e-02 -5.077197511164507730e-03 1.407165438334118633e-02 -3.393191115979633278e-04 2.470465669256872825e-03 1.347677665937980218e-01 3.205826779539370369e-02 4.806576556737910885e-03 2.038594110381287267e-02 -1.531682727091536814e-02 -4.960676183451873285e-03 -1.090430430123966524e-02 1.023253751575529079e-02 -3.564685410083123437e-03 -1.231877214622162896e-02 -2.068024481021330310e-03 2.021987149700559504e-03 6.720473459233165629e-03 -7.568041259741419002e-02 -1.125324426075857177e-02 5.755119388028361559e-03 5.071428172648007222e-03
4.027974327090746987e-02 2.821040767256507986e-02 9.537491857160653730e-01 -1.341793496492400123e-04 1.100654662358415206e-02 1.783808352732957903e-01 -1.320645608205188101e-02 -4.599703798609338506e-02 3.607552203979191591e-03 -1.614742930806895016e-02 5.891039501098850606e-02 9.795681589751994989e-02 -2.496249073252740716e-02 -1.226480910169598822e-03 -4.894052977387602921e-02 2.057350968725270290e-02 6.316016350670007606e-03 1.098414615689252867e-02 1.496515984309583838e-02 2.388905745633589442e-02 3.759673573953252468e-02 2.619309404841917155e-02 -2.803857385083092027e-02 -1.379248735548301193e-02 -1.135880108614135790e-02 -1.271312043613196958e-03 4.026142455762914824e-02 -2.723912090752007159e-02 6.044569501307824749e-03 1.693275559954192724e-02 -4.995791409417187773e-02 -2.032541090418797936e-01 -1.738383524839198085e-02 3.380846554851952290e-01 -2.845772283381080292e-02 -1.043118099966739432e-01 -9.160009396124907388e-02 -1.736289267993156304e-01 -2.415690593014633847e-01 1.121955513318423185e-02 2.265946319762131289e-01 -1.004798173570811345e-02 1.104482666590603235e-01 1.152837912446035423e-01 4.251790342401540190e-02 -1.208193299569402801e-01 -8.045199742611934546e-02 -7.117397893872089154e-02 5.746826625381913634e-02 -1.537211441669734079e-02 -1.949847175810512021e-02 1.390811431510411422e-01 -4.863695014020558149e-02 4.965546510535043256e-01 -1.308020336790540750e-01 -2.482695842163514313e-02 -4.940931217025375244e-02 -2.939165839984481110e-01 -3.478890902496608595e-01 -2.789422542511196292e-03 -2.412539082405133935e-03 -9.933351177715520064e-02 -9.299430169188245901e-03 8.745021117559491353e-02 7.059036523278022779e-03 -1.438109271988327175e-03 6.103710392387367428e-03 -2.864874989828505077e-03 -1.040414458116495702e-02 -1.273740233238151998e-02 1.247167128796102670e-03 1.893309344066240480e-03 -3.216620392810124168e-03 -8.907636279606757912e-03 -1.468611468683192652e-02 9.978716006651499118e-03 5.776897315290139938e-03 -5.236684119650374808e-03 -9.813242532659501374e-03 -4.839621796129800653e-03 -2.851041971463108213e-03 -5.301682057239518950e-03 2.154688782660656166e-02 7.809801463565333585e-03 2.963975954631004658e-03 -2.225301806154005371e-04 -1.818837484443271146e-02 -4.892589630453829039e-03 -8.880234153817261750e-03 4.607374782391820967e-02 1.239023143619957410e-03 -3.218630613964511712e-03 -3.831003314570546187e-03 -7.203810059022848836e-03 3.356407321100875543e-03 4.583923423776359654e-04 -1.282380460710808023e-02 -2.901145158912888863e-03 -5.986730763834116620e-03 -2.014922551025836658e-03 -8.937547017489621409e-03 -1.364038614415474977e-02 -1.440389672210681815e-02 2.913787707384713453e-03 7.009385034704540378e-03 1.365410892660276834e-02
2.628842182465809460e-02 4.312725567399254209e-03 -1.341793496492400123e-04 9.320224004400448070e-01 -6.248510043270873171e-02 2.533726735681032793e-02 -1.937848871685182023e-02 -1.526649872488327307e-02 -3.331454322782187233e-04 -2.447575831636026461e-02 7.232876447986315294e-02 2.600083294120698191e-02 -1.304876404352856532e-02 1.114509664150539541e-03 2.536738452602642184e-03 8.887468618788748470e-04 -3.712070681548983089e-03 -2.068471691031233649e-03 -1.610162152196555323e-03 -1.653635113915061933e-03 -2.881358267100624700e-03 4.247752019142877100e-04 -1.157524020226199241e-02 -1.243478162457055392e-02 1.409523039878198599e-03 2.774966690465539149e-02 -1.755302976019764913e-02 9.812874764096701785e-03 -2.427467098532891420e-04 1.328712802615276689e-01 -2.115571880059589210e-02 8.278894082526843182e-03 -5.230155789078356696e-03 -1.391978364501762593e-02 3.229399388474021165e-03 6.180315259839888782e-03 3.885909714164603648e-03 1.708368768605781057e-03 -8.462431865303949446e-03 -2.720260333912836895e-04 -1.821100454812596067e-02 1.490940190806186449e-02 -4.504213582653706065e-04 -3.714093633221375416e-03 -1.208957259287491738e-02 -6.108097548588649166e-03 9.574151219284517990e-04 3.917860972431453509e-02 -1.340658283857801975e-02 8.545959028746823172e-03 -1.346470643143340452e-02 -1.318609909837227361e-02 2.512021356354001561e-03 -9.285822425896407550e-03 1.545693804987314374e-02 -9.619295980179074770e-04 -2.116520774950704509e-03 3.280743866189303904e-03 -1.067874708099936579e-02 -8.867593911125003356e-04 7.718019379459519803e-03 -1.256205918681835504e-03 6.326723655218833425e-03 -4.140472300603949794e-03 -1.918521752673804648e-03 2.031140883940750746e-03 -4.029026239744239006e-03 -4.245555904109778829e-04 -6.099345269051010578e-03 8.612197938207366218e-03 -6.946436101517577824e-04 6.374123991453763257e-04 -3.980643642369347673e-03 -4.467431397445507067e-03 -3.944361597146141957e-03 3.181759622116595476e-04 -5.639910088258580281e-04 -2.474567531088020349e-03 -1.504858983992300703e-04 -4.038746029412594498e-04 -3.988470295919374978e-03 -1.320865767896351600e-03 9.113514779050042869e-03 7.258627088386484464e-04 -2.493624947996668419e-03 -5.193189303002236981e-03 -1.074451809048313508e-03 6.203944270189703375e-03 -1.482913498837344461e-03 -1.165195710567467442e-03 -7.949595886543525062e-04 -4.080121291639192209e-04 -1.494745994638699976e-03 -1.693856952282930123e-03 -9.844710774101486043e-04 -1.480488205731375802e-03 -2.451511862013725992e-03 -1.729404386963054189e-03 6.607889084667374277e-03 5.299889843530732579e-03 -2.459041379451618048e-03 -1.182648617718488893e-03 -2.603081528631858918e-03 1.548924091562040636e-03 -3.650139101353346016e-03 1.147886666762817573e-02
2.282827711905383722e-02 -6.249926118934836204e-03 1.100654662358415206e-02 -6.248510043270873171e-02 9.679998842671448944e-01 2.027288762404335504e-02 9.689409448033377281e-04 7.952235909596570146e-03 -2.224584495316456190e-03 -1.580097475332906121e-02 1.166674345942185845e-02 1.615950520464296339e-02 -2.733042423189091172e-04 -2.631912127292079795e-03 -5.111947419987144386e-03 -9.910732381537487590e-05 -2.307740712792481688e-03 -8.108128590987091766e-03 -1.214259889784652727e-03 -4.578091808269740479e-04 6.826238530404781391e-04 -1.288847925244313714e-02 2.720927055479544290e-03 -6.596582841071909308e-03 5.223323358366107824e-03 3.127596121133598139e-02 -8.692747232033670723e-03 1.269815912334645858e-02 2.003570754636871745e-03 2.663763955134384326e-02 -9.263125828688406616e-03 -4.253016850828572615e-03 -7.475584912451240828e-03 1.400925186067255440e-02 -2.243119291068990107e-03 -1.319273890022415116e-02 -9.338484240797722017e-04 7.498728779409971103e-03 -9.147743475703452171e-03 -1.816458632092945004e-03 3.208057406362532435e-03 1.594743875809792252e-02 -1.591012334854070842e-03 -8.111371093987589445e-03 -8.173736967083780267e-03 -1.981516255048264286e-02 -5.051279407621248052e-03 1.826474014943607962e-02 -5.227820433434868935e-03 7.150654522613255834e-03 2.017010423502663130e-03 4.701861867147712898e-04 -5.240101274551694360e-03 1.510255525050313227e-02 1.158658057685191776e-02 -2.366503837726834786e-03 -1.832104337173977998e-02 -1.704605444585169383e-02 -9.833164074298803362e-04 -9.358990461079031917e-03 5.567398431746458775e-04 -8.517324102483486703e-03 3.826977748091278664e-04 9.346410641680600456e-03 -1.107619149145541194e-03 4.780328123854890240e-03 8.961988256191620594e-03 -2.314119327341527914e-03 -1.336437713538602551e-03 -3.492250873561486297e-03 -5.559096421170491194e-03 -4.712520697792493482e-03 -3.022787427094781286e-04 -7.780492652919019161e-03 -1.720130816357744695e-03 1.585195862058330282e-02 -3.740301462781421386e-03 1.273175646573239915e-03 4.025829194444792425e-02 -2.696879778931419482e-03 1.504774169637939068e-03 2.880396803165985887e-03 2.325446681488303833e-03 2.771645456420734205e-03 -2.440002330610377759e-04 -7.922323762600609609e-03 -9.695949449639047063e-03 -9.063352833124928634e-03 -4.201403303995944125e-03 -1.194262777583503417e-02 3.988869750007045974e-03 -2.724508183202873496e-03 2.027433119840245726e-04 3.612101493382203305e-04 -4.589546873743920001e-03 -5.416849599804034188e-03 -7.800391447302516042e-04 -3.853670978376037316e-03 1.006310580663785995e-02 -3.144970928289228334e-04 -3.591546135186375263e-03 5.036197426961528702e-03 2.339275149597724000e-03 4.046013828197555021e-03 -4.839988214571348465e-03 1.258478283921787670e-02
1.551317234788720037e-02 -1.428625211748438956e-02 1.783808352732957903e-01 2.533726735681032793e-02 2.027288762404335504e-02 9.414298511292120697e-01 -1.584752389126448113e-04 2.740072221336998723e-03 -1.406976056063839048e-02 -7.737397088369768125e-04 9.472983993925304658e-02 8.341864084203967633e-02 -2.693881568779876376e-02 -1.135144291377255046e-02 -1.479439253309819680e-01 -3.032018807365025395e-02 -7.959422483684550076e-02 -3.335274011889229756e-02 -5.089547076748800712e-03 -2.871623804208470448e-03 1.985637889659924889e-03 -1.203446538266295801e-02 7.840465886377453661e-04 1.702842660105433753e-02 3.547166944058861154e-02 2.976093764657500307e-02 3.554213130656177361e-02 2.599563172395977576e-02 -7.234315422759961429e-03 4.471405732095286994e-02 -5.334033463199301661e-02 5.531354845030810041e-02 5.463139507913745453e-04 1.120551922287077173e-01 3.680738538209840649e-03 -1.258436828263942986e-01 4.535468106207147425e-04 -9.287551294284518422e-02 -6.395631396864347173e-02 9.276141344269552436e-04 6.007674768399393767e-02 8.615545402982693890e-02 1.011293564261018657e-01 -2.417791913534577883e-02 2.261888103264571293e-02 -1.200446206976947400e-01 -3.216492186072174297e-02 2.120962621079925184e-02 2.149340825708646527e-02 5.024914134454520551e-03 -1.756188745776544186e-02 8.582502486668633357e-02 -1.485610175654372422e-01 1.552327472201468772e-01 4.969685082830127554e-02 -2.781685028348141603e-02 -1.979115086737539553e-01 -6.594062716139164823e-03 -9.100545857775531322e-02 3.466619567970337205e-03 -5.217797156952130692e-03 -3.565925104662168166e-02 7.171335116107707902e-04 3.125420482494133123e-02 -1.525991099078668426e-03 -3.281900909403738867e-03 -1.123014706371196388e-02 1.249019322412173649e-03 -7.493614226910592750e-03 1.141165588807188484e-02 -6.869413209592259342e-04 -1.410636091126712781e-02 7.266816112332532759e-03 4.208925765235195168e-03 2.314848933793307861e-03 9.015558545819445102e-03 8.967766081290921756e-04 -4.150989917419688723e-03 6.870496046041129918e-04 -7.412030379085737634e-03 3.892815826950722625e-04 -8.954193668796642247e-03 3.822719844697295213e-03 7.291076131785862238e-03 5.258186219712765105e-03 -1.264815772608425233e-03 -7.254128686051722688e-03 8.555019816009215572e-03 1.892481881370604432e-03 1.514727062543269089e-02 -9.223187284891265839e-03 2.624396628342252555e-03 -1.027182377129466292e-02 -6.963935008793456505e-03 -7.497397049184520434e-03 5.753984785857072307e-03 -6.326702964305081986e-03 8.970436705926525169e-04 4.331991374758051294e-03 -7.761943515275245530e-03 1.445071547722066169e-02 -6.745876225755637751e-03 -5.217986269187754531e-03 -6.434313440459879171e-03 6.299401645993206456e-03 1.052332712197792848e-02
3.831397770601929764e-02 -6.544899107266509766e-03 -1.320645608205188101e-02 -1.937848871685182023e-02 9.689409448033377281e-04 -1.584752389126448113e-04 1.006025422726405605e+00 -4.853666028702362939e-02 -2.343618846344284589e-03 -2.600426272149818363e-01 -4.194465296426078127e-02 -5.282106550685100599e-02 -3.628320474234809911e-02 -2.772742000327998394e-03 -3.796985040233002984e-02 -2.009238349849667982e-02 -1.965211021445411460e-02 -8.818889627422306712e-03 -1.088943851333083572e-02 -1.246786857129333036e-02 -1.858048141587261351e-02 -1.397879190235241063e-02 2.107969227028327897e-02 -3.578525719290425768e-03 1.881949677457589454e-02 -3.983151333931171656e-03 -9.406346600101650121e-03 8.246648520564982916e-04 -5.233440250595237063e-03 9.579381386509849827e-03 1.928167472358090218e-02 2.953908635325292603e-02 9.407396649760604856e-03 -1.857919825903568689e-02 1.022683694385228279e-03 -6.314909661952380557e-03 -6.312610384761425594e-05 1.004868036466724859e-02 1.241069800040449506e-01 7.889559151653673108e-02 -3.209100163705752573e-02 2.291268464923872095e-02 -1.867999552606501579e-02 -9.678634222990232377e-03 -2.898396702432631117e-02 -2.838509389200559452e-02 -9.280878122877655317e-03 1.924505236989181370e-02 3.497993292697542875e-03 -5.752365613223453522e-02 4.431439272039686128e-02 -1.825885193019569433e-02 -3.805034267198582204e-02 -1.093523826143760411e-02 2.940374122998302975e-02 -5.364791827997242649e-03 -2.952238984284008549e-02 2.153800193957526588e-02 -1.161787710194540912e-02 1.719009734669874404e-02 1.265556723923210586e-02 5.556788714033878557e-02 -2.842353752274854109e-03 -5.675427854503307251e-02 3.388469843920241271e-03 -4.954639563127952520e-03 -8.029814615819258136e-03 4.179922819017513509e-03 -2.028084082885196846e-03 -6.796125079616205204e-03 -4.921066246862873875e-03 -5.463620316459144241e-03 6.006288031461469099e-03 1.348244541746132508e-03 3.578027912481931277e-03 -5.649526468928496928e-03 -2.021724431740200799e-03 -5.281023059141258871e-03 -1.058641522367847251e-03 -2.841185978566437929e-03 -4.100905770337969804e-03 -3.431555720811571217e-03 -3.449606292103083068e-03 3.831008073105302524e-03 -5.085756957802772295e-03 -4.416264903420657334e-03 -8.689997528327435272e-03 2.744724258775038325e-04 -3.772100500549088742e-03 -1.979801421257686503e-02 -5.005967355841017298e-03 -2.870292739436483380e-03 -4.697988110656000152e-03 1.417396497439034862e-02 -7.323043019635039688e-03 5.253009393513846832e-04 1.439722266696871061e-02 -3.033065587387542839e-03 -4.483445874054677559e-03 -7.435741020701991388e-03 -2.924554712805851019e-03 -3.269241170292599453e-03 1.562649951573710783e-02 2.313031650924034406e-03 -3.790741264912426446e-03 -2.418860739584411182e-03
5.669633926232266891e-02 -4.382387974289219355e-03 -4.599703798609338506e-02 -1.526649872488327307e-02 7.952235909596570146e-03 2.740072221336998723e-03 -4.853666028702362939e-02 1.006942469738730139e+00 -4.088977084394007123e-03 -3.961037360697260423e-01 -5.487767038582495871e-02 -7.766304477130574202e-02 -5.382888035944953520e-02 -4.837680204684188454e-03 -6.175073013208054462e-02 -1.937199680726590933e-02 -2.545430063852097136e-02 -6.240332410528373792e-03 -1.064366908305412578e-02 -1.486785906664608164e-02 -1.082676968659782892e-02 -7.091769441771044596e-03 1.421886215021491914e-02 -4.192033020942207561e-03 3.947437442243623140e-02 -3.995648530702382295e-03 -4.092384034370205592e-02 1.262889891057489833e-01 1.008776286226729241e-03 -1.275582592542582640e-02 -2.495163814519690132e-02 3.680915092948140038e-02 -7.070589407353018024e-03 1.926975930568359825e-03 -6.997652894313218137e-03 -3.214730885678934724e-02 -1.495537106901020279e-03 1.607198724207123397e-02 1.803793214637817652e-02 -3.338806746618080881e-03 -4.419878175756573879e-02 -2.545274138470722883e-02 -2.347161605766696912e-02 -2.480839449259095164e-02 -5.870291488475685993e-02 -1.214334966412158922e-04 -1.610755603445566606e-02 1.595841568390720666e-01 2.322497271498032423e-01 -9.205536096157049264e-02 -1.651547393735759359e-02 1.104025535156419324e-02 -6.189869031620383322e-02 -9.425839422320413108e-03 1.043913616234028478e-03 -1.225547561971380636e-02 -3.206888966401534591e-02 3.896534786259699124e-02 2.794604059575527683e-02 2.538337587075074550e-02 -2.158244538631078763e-02 3.758951908709432660e-02 -1.054946752430805518e-02 -2.511864001196830593e-02 -7.085611968854554216e-03 -5.374475322416687184e-03 -3.728854652062258551e-03 -9.354964302626058228e-03 -3.870128663698019743e-03 -2.492973083054649420e-03 -3.210117405634805438e-03 -2.475998027283850180e-03 -6.409487909327825014e-04 6.601127419761604852e-03 2.125340327812858324e-03 -3.950415556135210456e-03 -1.578818751724637461e-03 5.617327483944832209e-03 -1.847041353293608999e-03 1.923843145179538264e-03 -3.309535216205572276e-04 -5.078609420334516747e-03 -1.256769506581515566e-02 -2.870012380130368499e-03 -7.787986483519851108e-03 -9.482629717440866496e-03 -1.912289728017618588e-03 -9.421285251157322099e-03 3.859393580982958816e-04 -2.064370287854747424e-02 4.379770227507700023e-04 1.408826588980825658e-03 -3.268975499300694025e-03 -8.711718882611498016e-03 -1.314592127102965149e-03 -4.212037437215821779e-03 -4.994607297456679380e-04 -4.427680058992262274e-03 -1.337905760915530755e-02 -3.042775907585947102e-03 -4.379448877895856899e-03 4.727229881013369356e-04 3.193838131337242009e-02 -2.126364388222095909e-03 9.039381876969824862e-04 -1.155197154378482041e-02
-1.977764501070230357e-02 5.642137329862549795e-03 3.607552203979191591e-03 -3.331454322782187233e-04 -2.224584495316456190e-03 -1.406976056063839048e-02 -2.343618846344284589e-03 -4.088977084394007123e-03 1.166546492026320436e+00 -2.594979877546424799e-02 -1.873213030862663862e-03 -4.553872744644245178e-03 -3.251628744736529287e-03 -4.342612883272224168e-04 -4.793205523570043258e-03 2.511361981462307408e-02 8.629871800199875875e-03 -2.370530898094067897e-03 -1.575886197478622948e-03 -2.068521871067629300e-03 1.425662679011486557e-02 -2.686178685681186312e-03 -2.995692601604781936e-03 -3.403329083533185220e-03 -5.727600777756051628e-03 -7.049968843274920368e-04 -7.661033421049735261e-03 -2.288983681085850989e-03 -8.196509106652647694e-04 -7.817660197955709264e-04 1.926237193671423865e-03 -9.369665995478772876e-04 -2.726778321478247466e-04 -6.480385238603306348e-03 -2.257439644588154961e-03 1.078841734148358773e-02 -3.665059624316042465e-03 -3.588263578327382033e-03 -6.846333756707951960e-03 -2.997127668459532122e-04 -6.502852165952210245e-03 -4.343164040717786833e-03 -3.454981586227930113e-03 -4.388520160299960726e-03 -4.932456433809882107e-03 -7.022353739704973764e-03 -1.431732336725363318e-03 -4.608414959995694830e-03 -2.062108863598530357e-03 -5.694039160500441628e-03 -2.629143593939882537e-03 -3.981824385846279533e-03 6.690237430471020208e-02 -1.007058622414892107e-02 -6.060506481803054277e-03 -3.645472909148106053e-03 2.365946764554459694e-02 -7.116325005596288791e-03 8.608266319044417456e-03 -2.013437687350130238e-03 -2.990707407788138761e-03 9.969418630689039912e-03 -1.784799568531941901e-03 -5.845835923214762198e-03 -3.447659159210419966e-04 -9.357820258629782288e-04 -7.665129104829800349e-04 -7.919678995877713285e-04 -8.762997425612893470e-04 -9.975984568636800647e-04 -5.687322700264034340e-04 -1.173797469088589014e-03 -7.955058891509640727e-04 -4.305100837575688024e-04 -9.145288478633168371e-04 -4.976515342266682159e-04 -9.552788234361439751e-04 -6.705902671984359997e-04 -1.658023109707661960e-04 -4.449808468599516695e-04 -3.330823420271194157e-04 -3.043573603193480345e-04 -7.432462420194934543e-04 -5.183628115962454720e-04 -5.180878810812368073e-04 -6.479161399780765558e-04 -1.031774888432188987e-03 -6.055774206584656812e-04 -4.495394893421101202e-04 -2.986264912140703005e-03 -6.872330710751604985e-04 -4.495394893422248288e-04 -6.358946541994734769e-04 -1.229686392972355194e-03 -7.472448608681809840e-04 -6.080902884298492730e-04 -1.089900423397051994e-03 -2.533190848576296630e-04 -9.132740291691735304e-04 -5.762045234018633826e-04 -2.725219162040412525e-04 -4.468403259732654136e-04 6.020981767420288677e-03 -9.663030563837203459e-04 -3.112196464673641270e-04 -2.239885197438042097e-03
-1.837885762772951403e-01 4.581445655143180640e-02 -1.614742930806895016e-02 -2.447575831636026461e-02 -1.580097475332906121e-02 -7.737397088369768125e-04 -2.600426272149818363e-01 -3.961037360697260423e-01 -2.594979877546424799e-02 9.913012967698995315e-01 -2.755069673912028394e-01 -4.352506228147494660e-01 -3.039470898346429695e-01 -3.070127938127225481e-02 -3.740140105820352057e-01 1.028766362566997834e-02 2.973157743645770540e-02 1.288845355866148103e-02 1.306535430523161553e-02 1.844199482438593080e-02 -2.039860002072867856e-02 1.055915559592114639e-02 -3.510499477145666986e-03 1.616966334509666037e-02 -1.958162445985348055e-02 -5.305785148498434745e-02 5.479012146982645270e-02 -7.603873277190154045e-02 6.785563132013756361e-03 -6.400563218278981781e-02 -3.112402579556576565e-05 -7.995293607694744023e-03 1.442686031201578963e-03 -5.923732995036143367e-02 1.939654866264420730e-03 8.146278936574512242e-02 1.009690856967540573e-02 -4.648899791279011845e-02 3.474284828619304821e-02 -2.118900679475565346e-02 6.878849901027514480e-02 -1.167185373630023025e-02 -9.517073546134427464e-02 1.011029909427854367e-01 1.374629171975146058e-01 8.415051672684560613e-02 4.051096724170975827e-02 -1.000762292862897862e-01 -1.188376998481671526e-01 8.494899302834668653e-02 3.619176123959944036e-02 4.353648612197310447e-02 -3.749829127717112520e-01 -5.329539432423406609e-02 1.825724021104805500e-02 2.972558693011859154e-02 4.445815254728840982e-02 3.628898849620910711e-03 -1.963263669765146283e-02 -2.212777001987816308e-02 -7.355332862147138419e-04 -8.828445056633379279e-03 1.646715528976967421e-02 9.636451266269094318e-03 8.386927476215211980e-03 -5.452886863969568301e-03 -2.384999505157928568e-03 2.184282261204818255e-03 1.023353308282658365e-03 1.300443622232021895e-02 1.222432917519011841e-02 1.488925303245682702e-02 -6.227928235605031558e-04 -3.470177388569879902e-04 4.095853710017124949e-03 -4.868575390499174649e-03 1.997459417772092655e-02 4.565986224419731239e-03 4.646225040045910519e-03 -9.494785966621555745e-03 2.902955711869530369e-03 -2.328297251893753257e-03 2.912573228405143221e-03 -4.843576708137309686e-03 1.680274441668053176e-02 -4.016001883641510603e-03 1.888230608746255951e-02 4.165955261596293938e-03 8.294168819369529891e-03 4.480196694488190745e-02 6.951388272503859940e-03 2.356059319332190222e-03 1.236152847927106044e-02 1.877901019384613929e-02 8.762909048673899262e-03 1.990448132004311258e-03 5.235351332271431790e-03 3.437421489939627463e-04 -1.692544031591627224e-02 -1.193663897477736588e-02 -3.993861699774277178e-03 4.234026050896845875e-03 -4.227617411719530177e-02 5.612449843717491962e-03 3.528691167552087254e-03 4.139434281789361805e-03
6.978178339466148405e-02 -2.230250205089834292e-02 5.891039501098850606e-02 7.232876447986315294e-02 1.166674345942185845e-02 9.472983993925304658e-02 -4.194465296426078127e-02 -5.487767038582495871e-02 -1.873213030862663862e-03 -2.755069673912028394e-01 9.819503561242554079e-01 -5.924584320490404454e-02 -4.013081335506795549e-02 -2.216203566691168740e-03 -3.563022231149289010e-02 -5.339900129808444230e-03 -1.169429744697631120e-02 -4.502970384989445074e-03 -4.040323558941539932e-03 -6.947650041537615888e-03 -1.586264230324591420e-04 -1.249229431594210162e-03 3.183114065294103366e-04 -8.331939585262817388e-03 1.262713237557649623e-02 1.524033358215436812e-02 -1.118531087684364149e-02 -8.873078932463251967e-03 -4.182996091258540244e-03 6.406377223383839803e-02 -1.994472670369068588e-03 -8.645712927834083711e-03 -6.783115190310536578e-03 4.913736513366250697e-02 -7.064543315418857217e-03 -4.351249159698261648e-02 -3.478034466331803107e-03 3.039475298829226804e-03 -4.015323689457107187e-02 -1.529550343816290072e-03 -1.501646177427865686e-02 1.007002470920679571e-01 2.092546388792683454e-02 -2.621332000887318867e-02 -2.863103294690486078e-02 -2.535338391721693105e-02 -7.517945830133072362e-03 -1.473575131099368746e-02 -2.448345581314832070e-02 8.715727472822618060e-02 -3.257166093150865721e-02 -1.919794792411782386e-02 -3.568572139771530177e-02 6.257443753360968086e-02 -1.982233680309497537e-02 -1.405802073576366794e-02 -2.348424763376481469e-02 -1.786818382547358114e-02 -2.637254464834393533e-02 -1.307599149795508030e-02 6.933416972696899126e-03 -3.600067853134578111e-02 -2.762340947852197186e-03 3.103288959110410417e-02 -6.097500931329533948e-03 5.062900651059885210e-03 -4.931529467531763772e-03 -4.753501716964612933e-03 1.747940928010766753e-02 2.390569309827329531e-03 -4.858162666967329527e-03 -5.049159730433308568e-03 -7.680797701507001418e-03 -6.985217115698808335e-03 3.209423814412265367e-03 1.137938881253413789e-02 -5.924507483563250937e-03 -1.761734350448219532e-04 -8.461534168851856481e-04 1.615973326955862446e-02 -4.693432509193296888e-03 5.644650180163588229e-03 7.272051760840095649e-03 1.256716281156431206e-03 -5.339770435144381225e-03 1.723615101190556324e-03 -4.446764207924362375e-03 -2.359322528963740499e-03 -3.661641773833046020e-03 -7.773529653493404731e-03 -4.444343910303471396e-03 -2.294174144523682905e-03 -4.212390227858093389e-03 -1.401611374436707164e-02 -3.261661771943488199e-03 5.368133787499822056e-03 -8.225680123440526001e-03 -3.439398083889755146e-03 1.028831450644645401e-02 1.693338046522593898e-02 1.938821198748124502e-02 -2.911482858502366811e-03 -8.391328882574041609e-03 -2.253488398319230569e-03 4.270385925663845728e-03 2.784179431829238507e-02
1.290054822979872506e-01 -4.167240149744799033e-02 9.795681589751994989e-02 2.600083294120698191e-02 1.615950520464296339e-02 8.341864084203967633e-02 -5.282106550685100599e-02 -7.766304477130574202e-02 -4.553872744644245178e-03 -4.352506228147494660e-01 -5.924584320490404454e-02 9.895162152488965468e-01 -5.898033324380291126e-02 -5.387699558280275441e-03 -6.831183964394077490e-02 -4.901308206401043446e-04 -1.531883767404560587e-02 -1.370618184564379241e-02 2.630459732016192376e-03 -8.488661064579516857e-03 3.956500096979000819e-02 -2.639793593231392916e-03 -1.038842359243256561e-02 7.656564715775721064e-04 -1.182314478289880205e-02 1.383000419227328054e-02 1.502072217535115224e-02 -1.282900753793078316e-02 -1.016906864146953880e-02 7.047952250197310475e-02 -1.967749579301834167e-02 -1.549305015158757709e-02 1.539746569296149975e-03 1.030688719869789494e-01 1.519835934903077460e-03 -9.341865887010933345e-02 -1.539804309716451443e-02 2.007714378474294292e-03 -8.339425965627013382e-02 -3.718411898437206167e-03 7.336496300673639448e-02 1.814921589247006639e-02 2.359283624516241851e-01 -5.015060735934505354e-02 -5.449188050814053608e-02 -2.562571989665428374e-02 -1.793020811746938448e-02 8.023297386835336747e-03 -3.829341239569055561e-02 3.742280797084385213e-02 -3.087760230020654764e-02 3.711804415778133031e-04 -6.847739117653690866e-02 1.047535144603468221e-01 -2.950192073362632728e-02 -1.468823291029579953e-02 -6.737652220627214639e-02 -3.807273744466472404e-02 5.216213297121793241e-04 1.082674375599603552e-03 -7.654719375013118582e-03 -5.542998731123321976e-02 -1.271341833508524491e-02 5.311798566082544248e-02 -2.429714514526579681e-03 2.396553080033908371e-03 -3.141753138425195085e-03 1.084802078392347463e-02 3.318208649083899918e-03 -7.375752510251312732e-03 -4.436771854386498126e-03 -7.449269040644357354e-03 6.711793891187800391e-03 -4.597598403736132683e-03 -9.021595374895779659e-03 1.881823168723198783e-02 -1.268273570356100166e-02 -9.519748844511089284e-03 -2.057040453733862111e-03 7.296886223589377522e-04 -6.503056253494535373e-03 1.367492187751049790e-02 -5.026381901182467964e-03 1.728239840639876970e-02 -3.966327674145861057e-03 1.368445288513380452e-02 -7.172949211375350895e-03 3.754166370858815199e-03 -6.660157741868495337e-03 -1.588987273800466712e-02 -1.279516379697209728e-03 2.514398357549303795e-04 -4.102385318782755244e-04 -1.676328090660675688e-02 -3.338481361022978787e-03 -5.397263285942569336e-03 -9.438706209301225489e-03 1.257066594761161154e-03 3.224047170464989370e-02 -8.191156548753585759e-03 5.404423951072652270e-03 -6.043522291611789360e-03 1.396232462971395104e-02 -1.324519978748469121e-03 -1.982990552595836724e-04 -4.747629156541911984e-03
1.012291674547094109e-02 -1.175956410670073345e-02 -2.496249073252740716e-02 -1.304876404352856532e-02 -2.733042423189091172e-04 -2.693881568779876376e-02 -3.628320474234809911e-02 -5.382888035944953520e-02 -3.251628744736529287e-03 -3.039470898346429695e-01 -4.013081335506795549e-02 -5.898033324380291126e-02 9.832276928303518293e-01 -3.847011046219079352e-03 -4.824336372354746244e-02 -2.288586678798404730e-02 -2.467908041277542749e-02 -7.916868370327515697e-03 -1.217123644172905111e-02 -1.419731549116721309e-02 -1.705655450259077957e-02 -1.675695482290500901e-02 -1.914307896645122374e-03 -1.005695646470014179e-02 2.367058537247650196e-02 1.000077877398695275e-01 -4.881281040938535709e-02 6.646764108157776629e-02 -3.061260152170477283e-03 4.911547264739413166e-03 1.439525166227455591e-02 2.098162629749194402e-02 1.080728497094435477e-03 -8.748164842014002907e-03 -4.786484223544475603e-04 -2.041623708018801362e-03 1.629651981933813529e-03 -1.226771748789291273e-02 5.348813402656833749e-02 -2.655079685296267075e-03 -5.302941853803923994e-02 1.164599923243658276e-02 -2.326954028519399170e-02 -3.494432978587431321e-02 -4.239502861642380216e-02 -3.061565267685719977e-03 -1.279271669603672043e-02 1.151541629312546888e-01 9.917632731133008139e-02 -6.606144251395697220e-02 1.770391692212530330e-02 -1.527127682450032248e-02 -4.836246650548352288e-02 -1.041075418096070945e-02 1.808501745541033628e-02 -1.583706081812634101e-02 -1.508953258710583542e-02 1.443177881836223836e-02 4.586421100434621805e-03 4.532339739377242403e-03 1.656832988317343686e-02 1.890996471778690069e-02 -1.212517208135595846e-02 -2.211662339821928586e-02 -5.299820978048796691e-03 -4.183660465649429241e-03 1.847213609044543250e-02 -3.234104084235279574e-03 -1.094558784765736065e-02 -9.172256047049166805e-03 -6.050645707561719613e-03 -1.162711784157047581e-02 -6.265475601962252131e-04 -8.833838056996430252e-05 -4.951966872453588894e-03 -6.349025885132141521e-03 -9.005781010974760192e-03 2.110522830026088752e-03 -1.468800786387807877e-03 4.608189380964618741e-03 9.463432893079545133e-03 -3.864440522212693463e-03 2.610383502453549054e-02 -8.129170835131319800e-03 -5.985102922103194105e-03 -1.917477041415167199e-03 -7.073114487707877693e-03 -1.458919680257593238e-03 -4.690241264347574587e-03 -2.567350863664780505e-02 -1.109016944741042336e-03 3.990955650300587708e-03 -6.133897975992412023e-03 -9.448374604314130690e-03 -8.622806993536366246e-03 -1.543094255858259989e-03 2.606659255262487249e-04 4.988882277701943077e-03 -1.030858391906487245e-02 1.567150661267492293e-02 -3.343999696009403600e-03 3.074202786533500494e-03 2.392622063065133822e-02 -5.349983823519695141e-03 -4.172785215009747889e-03 -5.048008493482730036e-03
1.575693368352121260e-02 -3.018484273662681589e-03 -1.226480910169598822e-03 1.114509664150539541e-03 -2.631912127292079795e-03 -1.135144291377255046e-02 -2.772742000327998394e-03 -4.837680204684188454e-03 -4.342612883272224168e-04 -3.070127938127225481e-02 -2.216203566691168740e-03 -5.387699558280275441e-03 -3.847011046219079352e-03 9.522833389964953099e-01 -5.670854837229945440e-03 -4.239775637620956349e-03 -4.719595823346677335e-03 -2.804581723892953394e-03 -1.864435360001909583e-03 -2.447274000828040912e-03 8.375374694693314692e-03 -3.178025502654178384e-03 5.700150130811864994e-03 -4.026488140583850059e-03 -6.776340471220469383e-03 -8.340837821502523376e-04 1.305900434781576136e-02 -2.708102983776575386e-03 -9.697312808152224644e-04 -9.249095606556256757e-04 -3.372692079648758560e-03 -9.345314997980719296e-03 -3.226059045116496131e-04 6.491481506408200430e-03 1.193973999396811224e-02 -3.239221790894012201e-03 -4.336142274119882470e-03 5.240113411820049652e-03 2.223997714453277048e-03 -3.545910112323033569e-04 -2.718760591880326188e-03 -5.138409502381429891e-03 4.376878522496324003e-02 2.974761316147985207e-03 9.965470994478527016e-04 -2.840638128053518240e-03 -1.693886524875961187e-03 -5.452228605544229278e-03 -2.439686753786999337e-03 -6.736633628144826635e-03 -3.110547126372109356e-03 2.972802256457591791e-03 -5.688053157371562168e-03 -1.849774642943368243e-03 -1.362251424604377092e-02 -4.312969176718617001e-03 7.211321829209148097e-03 2.322777390396176585e-03 2.011168432018146240e-02 -2.382103749280414188e-03 -3.538314283998125667e-03 -1.779797763667185107e-03 -2.111601352566746040e-03 4.438478172491655549e-03 -4.078935176879113032e-04 -1.107126327436128068e-03 -9.068635644426481599e-04 -9.369794331203683485e-04 -1.036752671991559563e-03 -1.180261519539980205e-03 -6.728687365291641242e-04 -1.388723062839089962e-03 -9.411652384511981235e-04 -5.093376820474187659e-04 -1.081981633207588448e-03 -5.887729195512791903e-04 -1.130193043078159352e-03 -7.933772173632289279e-04 -1.961611770180673672e-04 -5.264580822750414280e-04 -3.940706487946129231e-04 -3.600860427381128207e-04 -8.793367040245754929e-04 -6.132764896321281920e-04 -6.129512185721298304e-04 -7.665513941442845657e-04 -1.220695751146979192e-03 -7.164603371107135113e-04 -5.318514249231323394e-04 -3.533058354994543255e-03 -8.130673650948848797e-04 -5.318514249232594079e-04 -7.523287407567553304e-04 -1.454845404722684152e-03 -8.840674811485301886e-04 -7.194333179861817735e-04 -1.289464233845903510e-03 -2.997025165440613740e-04 -1.080497053706901047e-03 -6.817091803597883715e-04 -3.224214399230284343e-04 -5.286580372055499398e-04 7.123440339188115943e-03 -1.143235843857831743e-03 -3.682048326391678598e-04 -2.650014430693199870e-03
